{
 "cells": [
  {
   "cell_type": "code",
   "execution_count": 1,
   "id": "fb70f22f-eb8e-402f-b1a5-d2e3393c3405",
   "metadata": {},
   "outputs": [
    {
     "name": "stdout",
     "output_type": "stream",
     "text": [
      "Friedman Test Statistic: 10.799999999999999\n",
      "P-value: 0.004516580942612667\n",
      "有意差があります。データ前処理手法の影響が認められます。\n",
      "ネメニー検定の結果:\n",
      "          0         1         2         3         4         5\n",
      "0  1.000000  0.953013  0.999933  0.986683  0.999933  0.999933\n",
      "1  0.953013  1.000000  0.885153  0.646412  0.986683  0.885153\n",
      "2  0.999933  0.885153  1.000000  0.998004  0.998004  1.000000\n",
      "3  0.986683  0.646412  0.998004  1.000000  0.953013  0.998004\n",
      "4  0.999933  0.986683  0.998004  0.953013  1.000000  0.998004\n",
      "5  0.999933  0.885153  1.000000  0.998004  0.998004  1.000000\n",
      "有意差のあるペアはありません。\n"
     ]
    }
   ],
   "source": [
    "import pandas as pd\n",
    "import scipy.stats as stats\n",
    "from scikit_posthocs import posthoc_nemenyi_friedman\n",
    "import numpy as np\n",
    "\n",
    "# CSVファイルを読み込む\n",
    "file_path = './cnn-methods/CNN_0-f1score.csv'\n",
    "data = pd.read_csv(file_path, index_col=0)\n",
    "\n",
    "# フリードマン検定の実施\n",
    "data_values = data.values\n",
    "stat, p_value = stats.friedmanchisquare(*data_values)\n",
    "\n",
    "# 結果の出力\n",
    "print('Friedman Test Statistic:', stat)\n",
    "print('P-value:', p_value)\n",
    "\n",
    "# p値に基づく結果の解釈\n",
    "alpha = 0.05\n",
    "if p_value < alpha:\n",
    "    print('有意差があります。データ前処理手法の影響が認められます。')\n",
    "    # ネメニー検定の実施\n",
    "    nemenyi_result = posthoc_nemenyi_friedman(data_values)\n",
    "    print('ネメニー検定の結果:')\n",
    "    print(nemenyi_result)\n",
    "    \n",
    "    # 優位差のあるペアの確認\n",
    "    significant_pairs = []\n",
    "    for i in range(nemenyi_result.shape[0]):\n",
    "        for j in range(i + 1, nemenyi_result.shape[1]):\n",
    "            if nemenyi_result.iloc[i, j] < alpha:\n",
    "                significant_pairs.append((i, j))\n",
    "\n",
    "    if significant_pairs:\n",
    "        print('有意差のあるペア:')\n",
    "        for pair in significant_pairs:\n",
    "            print(f'手法 {pair[0]} と 手法 {pair[1]} の間に有意差があります。')\n",
    "    else:\n",
    "        print('有意差のあるペアはありません。')\n",
    "else:\n",
    "    print('有意差は認められません。データ前処理手法により顕著な違いはありません。')\n"
   ]
  },
  {
   "cell_type": "code",
   "execution_count": 2,
   "id": "2c7698fa-9f56-4e16-99d4-d6e0f7ccf99d",
   "metadata": {},
   "outputs": [
    {
     "name": "stdout",
     "output_type": "stream",
     "text": [
      "Friedman Test Statistic: 10.380952380952376\n",
      "P-value: 0.005569354109988015\n",
      "有意差があります。データ前処理手法の影響が認められます。\n",
      "ネメニー検定の結果:\n",
      "          0         1         2         3         4         5\n",
      "0  1.000000  0.646412  0.998004  0.986683  0.923821  0.999998\n",
      "1  0.646412  1.000000  0.363243  0.953013  0.994255  0.574086\n",
      "2  0.998004  0.363243  1.000000  0.885153  0.715852  0.999504\n",
      "3  0.986683  0.953013  0.885153  1.000000  0.999504  0.973509\n",
      "4  0.923821  0.994255  0.715852  0.999504  1.000000  0.885153\n",
      "5  0.999998  0.574086  0.999504  0.973509  0.885153  1.000000\n",
      "有意差のあるペアはありません。\n"
     ]
    }
   ],
   "source": [
    "import pandas as pd\n",
    "import scipy.stats as stats\n",
    "from scikit_posthocs import posthoc_nemenyi_friedman\n",
    "import numpy as np\n",
    "\n",
    "# CSVファイルを読み込む\n",
    "file_path = './cnn-methods/CNN_0-precision.csv'\n",
    "data = pd.read_csv(file_path, index_col=0)\n",
    "\n",
    "# フリードマン検定の実施\n",
    "data_values = data.values\n",
    "stat, p_value = stats.friedmanchisquare(*data_values)\n",
    "\n",
    "# 結果の出力\n",
    "print('Friedman Test Statistic:', stat)\n",
    "print('P-value:', p_value)\n",
    "\n",
    "# p値に基づく結果の解釈\n",
    "alpha = 0.05\n",
    "if p_value < alpha:\n",
    "    print('有意差があります。データ前処理手法の影響が認められます。')\n",
    "    # ネメニー検定の実施\n",
    "    nemenyi_result = posthoc_nemenyi_friedman(data_values)\n",
    "    print('ネメニー検定の結果:')\n",
    "    print(nemenyi_result)\n",
    "    \n",
    "    # 優位差のあるペアの確認\n",
    "    significant_pairs = []\n",
    "    for i in range(nemenyi_result.shape[0]):\n",
    "        for j in range(i + 1, nemenyi_result.shape[1]):\n",
    "            if nemenyi_result.iloc[i, j] < alpha:\n",
    "                significant_pairs.append((i, j))\n",
    "\n",
    "    if significant_pairs:\n",
    "        print('有意差のあるペア:')\n",
    "        for pair in significant_pairs:\n",
    "            print(f'手法 {pair[0]} と 手法 {pair[1]} の間に有意差があります。')\n",
    "    else:\n",
    "        print('有意差のあるペアはありません。')\n",
    "else:\n",
    "    print('有意差は認められません。データ前処理手法により顕著な違いはありません。')\n"
   ]
  },
  {
   "cell_type": "code",
   "execution_count": 3,
   "id": "d2aebc0d-836b-4b7b-b9ec-6dedfef1a42a",
   "metadata": {},
   "outputs": [
    {
     "name": "stdout",
     "output_type": "stream",
     "text": [
      "Friedman Test Statistic: 0.8999999999999999\n",
      "P-value: 0.6376281516217732\n",
      "有意差は認められません。データ前処理手法により顕著な違いはありません。\n"
     ]
    }
   ],
   "source": [
    "import pandas as pd\n",
    "import scipy.stats as stats\n",
    "from scikit_posthocs import posthoc_nemenyi_friedman\n",
    "import numpy as np\n",
    "\n",
    "# CSVファイルを読み込む\n",
    "file_path = './cnn-methods/CNN_0-recall.csv'\n",
    "data = pd.read_csv(file_path, index_col=0)\n",
    "\n",
    "# フリードマン検定の実施\n",
    "data_values = data.values\n",
    "stat, p_value = stats.friedmanchisquare(*data_values)\n",
    "\n",
    "# 結果の出力\n",
    "print('Friedman Test Statistic:', stat)\n",
    "print('P-value:', p_value)\n",
    "\n",
    "# p値に基づく結果の解釈\n",
    "alpha = 0.05\n",
    "if p_value < alpha:\n",
    "    print('有意差があります。データ前処理手法の影響が認められます。')\n",
    "    # ネメニー検定の実施\n",
    "    nemenyi_result = posthoc_nemenyi_friedman(data_values)\n",
    "    print('ネメニー検定の結果:')\n",
    "    print(nemenyi_result)\n",
    "    \n",
    "    # 優位差のあるペアの確認\n",
    "    significant_pairs = []\n",
    "    for i in range(nemenyi_result.shape[0]):\n",
    "        for j in range(i + 1, nemenyi_result.shape[1]):\n",
    "            if nemenyi_result.iloc[i, j] < alpha:\n",
    "                significant_pairs.append((i, j))\n",
    "\n",
    "    if significant_pairs:\n",
    "        print('有意差のあるペア:')\n",
    "        for pair in significant_pairs:\n",
    "            print(f'手法 {pair[0]} と 手法 {pair[1]} の間に有意差があります。')\n",
    "    else:\n",
    "        print('有意差のあるペアはありません。')\n",
    "else:\n",
    "    print('有意差は認められません。データ前処理手法により顕著な違いはありません。')\n"
   ]
  },
  {
   "cell_type": "code",
   "execution_count": 4,
   "id": "59678d0c-e285-4f83-84b9-01bb9737357b",
   "metadata": {},
   "outputs": [
    {
     "name": "stdout",
     "output_type": "stream",
     "text": [
      "Friedman Test Statistic: 10.181818181818176\n",
      "P-value: 0.006152424231136877\n",
      "有意差があります。データ前処理手法の影響が認められます。\n",
      "ネメニー検定の結果:\n",
      "          0         1         2         3         4         5\n",
      "0  1.000000  0.715852  0.999933  0.999998  0.715852  0.994255\n",
      "1  0.715852  1.000000  0.574086  0.646412  1.000000  0.363243\n",
      "2  0.999933  0.574086  1.000000  0.999998  0.574086  0.999504\n",
      "3  0.999998  0.646412  0.999998  1.000000  0.646412  0.998004\n",
      "4  0.715852  1.000000  0.574086  0.646412  1.000000  0.363243\n",
      "5  0.994255  0.363243  0.999504  0.998004  0.363243  1.000000\n",
      "有意差のあるペアはありません。\n"
     ]
    }
   ],
   "source": [
    "import pandas as pd\n",
    "import scipy.stats as stats\n",
    "from scikit_posthocs import posthoc_nemenyi_friedman\n",
    "import numpy as np\n",
    "\n",
    "# CSVファイルを読み込む\n",
    "file_path = './cnn-methods/CNN_1-f1score.csv'\n",
    "data = pd.read_csv(file_path, index_col=0)\n",
    "\n",
    "# フリードマン検定の実施\n",
    "data_values = data.values\n",
    "stat, p_value = stats.friedmanchisquare(*data_values)\n",
    "\n",
    "# 結果の出力\n",
    "print('Friedman Test Statistic:', stat)\n",
    "print('P-value:', p_value)\n",
    "\n",
    "# p値に基づく結果の解釈\n",
    "alpha = 0.05\n",
    "if p_value < alpha:\n",
    "    print('有意差があります。データ前処理手法の影響が認められます。')\n",
    "    # ネメニー検定の実施\n",
    "    nemenyi_result = posthoc_nemenyi_friedman(data_values)\n",
    "    print('ネメニー検定の結果:')\n",
    "    print(nemenyi_result)\n",
    "    \n",
    "    # 優位差のあるペアの確認\n",
    "    significant_pairs = []\n",
    "    for i in range(nemenyi_result.shape[0]):\n",
    "        for j in range(i + 1, nemenyi_result.shape[1]):\n",
    "            if nemenyi_result.iloc[i, j] < alpha:\n",
    "                significant_pairs.append((i, j))\n",
    "\n",
    "    if significant_pairs:\n",
    "        print('有意差のあるペア:')\n",
    "        for pair in significant_pairs:\n",
    "            print(f'手法 {pair[0]} と 手法 {pair[1]} の間に有意差があります。')\n",
    "    else:\n",
    "        print('有意差のあるペアはありません。')\n",
    "else:\n",
    "    print('有意差は認められません。データ前処理手法により顕著な違いはありません。')\n"
   ]
  },
  {
   "cell_type": "code",
   "execution_count": 5,
   "id": "fd0b2def-5771-4959-8c5f-4b826b67e739",
   "metadata": {},
   "outputs": [
    {
     "name": "stdout",
     "output_type": "stream",
     "text": [
      "Friedman Test Statistic: 9.478260869565212\n",
      "P-value: 0.00874624831303712\n",
      "有意差があります。データ前処理手法の影響が認められます。\n",
      "ネメニー検定の結果:\n",
      "          0         1         2         3         4         5\n",
      "0  1.000000  0.646412  0.973509  0.994255  0.430373  0.999504\n",
      "1  0.646412  1.000000  0.973509  0.301443  0.999504  0.430373\n",
      "2  0.973509  0.973509  1.000000  0.780051  0.885153  0.885153\n",
      "3  0.994255  0.301443  0.780051  1.000000  0.155954  0.999933\n",
      "4  0.430373  0.999504  0.885153  0.155954  1.000000  0.246004\n",
      "5  0.999504  0.430373  0.885153  0.999933  0.246004  1.000000\n",
      "有意差のあるペアはありません。\n"
     ]
    }
   ],
   "source": [
    "import pandas as pd\n",
    "import scipy.stats as stats\n",
    "from scikit_posthocs import posthoc_nemenyi_friedman\n",
    "import numpy as np\n",
    "\n",
    "# CSVファイルを読み込む\n",
    "file_path = './cnn-methods/CNN_1-precision.csv'\n",
    "data = pd.read_csv(file_path, index_col=0)\n",
    "\n",
    "# フリードマン検定の実施\n",
    "data_values = data.values\n",
    "stat, p_value = stats.friedmanchisquare(*data_values)\n",
    "\n",
    "# 結果の出力\n",
    "print('Friedman Test Statistic:', stat)\n",
    "print('P-value:', p_value)\n",
    "\n",
    "# p値に基づく結果の解釈\n",
    "alpha = 0.05\n",
    "if p_value < alpha:\n",
    "    print('有意差があります。データ前処理手法の影響が認められます。')\n",
    "    # ネメニー検定の実施\n",
    "    nemenyi_result = posthoc_nemenyi_friedman(data_values)\n",
    "    print('ネメニー検定の結果:')\n",
    "    print(nemenyi_result)\n",
    "    \n",
    "    # 優位差のあるペアの確認\n",
    "    significant_pairs = []\n",
    "    for i in range(nemenyi_result.shape[0]):\n",
    "        for j in range(i + 1, nemenyi_result.shape[1]):\n",
    "            if nemenyi_result.iloc[i, j] < alpha:\n",
    "                significant_pairs.append((i, j))\n",
    "\n",
    "    if significant_pairs:\n",
    "        print('有意差のあるペア:')\n",
    "        for pair in significant_pairs:\n",
    "            print(f'手法 {pair[0]} と 手法 {pair[1]} の間に有意差があります。')\n",
    "    else:\n",
    "        print('有意差のあるペアはありません。')\n",
    "else:\n",
    "    print('有意差は認められません。データ前処理手法により顕著な違いはありません。')\n"
   ]
  },
  {
   "cell_type": "code",
   "execution_count": 6,
   "id": "5b4a4d67-40ea-40ca-8a52-b8cfc9214f7f",
   "metadata": {},
   "outputs": [
    {
     "name": "stdout",
     "output_type": "stream",
     "text": [
      "Friedman Test Statistic: 9.478260869565212\n",
      "P-value: 0.00874624831303712\n",
      "有意差があります。データ前処理手法の影響が認められます。\n",
      "ネメニー検定の結果:\n",
      "          0         1         2         3         4         5\n",
      "0  1.000000  0.836977  0.994255  0.999998  0.973509  0.953013\n",
      "1  0.836977  1.000000  0.501309  0.885153  0.998004  0.301443\n",
      "2  0.994255  0.501309  1.000000  0.986683  0.780051  0.999504\n",
      "3  0.999998  0.885153  0.986683  1.000000  0.986683  0.923821\n",
      "4  0.973509  0.998004  0.780051  0.986683  1.000000  0.574086\n",
      "5  0.953013  0.301443  0.999504  0.923821  0.574086  1.000000\n",
      "有意差のあるペアはありません。\n"
     ]
    }
   ],
   "source": [
    "import pandas as pd\n",
    "import scipy.stats as stats\n",
    "from scikit_posthocs import posthoc_nemenyi_friedman\n",
    "import numpy as np\n",
    "\n",
    "# CSVファイルを読み込む\n",
    "file_path = './cnn-methods/CNN_1-recall.csv'\n",
    "data = pd.read_csv(file_path, index_col=0)\n",
    "\n",
    "# フリードマン検定の実施\n",
    "data_values = data.values\n",
    "stat, p_value = stats.friedmanchisquare(*data_values)\n",
    "\n",
    "# 結果の出力\n",
    "print('Friedman Test Statistic:', stat)\n",
    "print('P-value:', p_value)\n",
    "\n",
    "# p値に基づく結果の解釈\n",
    "alpha = 0.05\n",
    "if p_value < alpha:\n",
    "    print('有意差があります。データ前処理手法の影響が認められます。')\n",
    "    # ネメニー検定の実施\n",
    "    nemenyi_result = posthoc_nemenyi_friedman(data_values)\n",
    "    print('ネメニー検定の結果:')\n",
    "    print(nemenyi_result)\n",
    "    \n",
    "    # 優位差のあるペアの確認\n",
    "    significant_pairs = []\n",
    "    for i in range(nemenyi_result.shape[0]):\n",
    "        for j in range(i + 1, nemenyi_result.shape[1]):\n",
    "            if nemenyi_result.iloc[i, j] < alpha:\n",
    "                significant_pairs.append((i, j))\n",
    "\n",
    "    if significant_pairs:\n",
    "        print('有意差のあるペア:')\n",
    "        for pair in significant_pairs:\n",
    "            print(f'手法 {pair[0]} と 手法 {pair[1]} の間に有意差があります。')\n",
    "    else:\n",
    "        print('有意差のあるペアはありません。')\n",
    "else:\n",
    "    print('有意差は認められません。データ前処理手法により顕著な違いはありません。')\n"
   ]
  },
  {
   "cell_type": "code",
   "execution_count": 7,
   "id": "e77ddb97-7a17-4e0a-9dfc-8309a355005f",
   "metadata": {},
   "outputs": [
    {
     "name": "stdout",
     "output_type": "stream",
     "text": [
      "Friedman Test Statistic: 10.380952380952376\n",
      "P-value: 0.005569354109988015\n",
      "有意差があります。データ前処理手法の影響が認められます。\n",
      "ネメニー検定の結果:\n",
      "          0         1         2         3         4         5\n",
      "0  1.000000  0.715852  0.999933  0.999933  0.715852  0.998004\n",
      "1  0.715852  1.000000  0.574086  0.574086  1.000000  0.430373\n",
      "2  0.999933  0.574086  1.000000  1.000000  0.574086  0.999933\n",
      "3  0.999933  0.574086  1.000000  1.000000  0.574086  0.999933\n",
      "4  0.715852  1.000000  0.574086  0.574086  1.000000  0.430373\n",
      "5  0.998004  0.430373  0.999933  0.999933  0.430373  1.000000\n",
      "有意差のあるペアはありません。\n"
     ]
    }
   ],
   "source": [
    "import pandas as pd\n",
    "import scipy.stats as stats\n",
    "from scikit_posthocs import posthoc_nemenyi_friedman\n",
    "import numpy as np\n",
    "\n",
    "# CSVファイルを読み込む\n",
    "file_path = './cnn-methods/CNN_marco-avg_f1score.csv'\n",
    "data = pd.read_csv(file_path, index_col=0)\n",
    "\n",
    "# フリードマン検定の実施\n",
    "data_values = data.values\n",
    "stat, p_value = stats.friedmanchisquare(*data_values)\n",
    "\n",
    "# 結果の出力\n",
    "print('Friedman Test Statistic:', stat)\n",
    "print('P-value:', p_value)\n",
    "\n",
    "# p値に基づく結果の解釈\n",
    "alpha = 0.05\n",
    "if p_value < alpha:\n",
    "    print('有意差があります。データ前処理手法の影響が認められます。')\n",
    "    # ネメニー検定の実施\n",
    "    nemenyi_result = posthoc_nemenyi_friedman(data_values)\n",
    "    print('ネメニー検定の結果:')\n",
    "    print(nemenyi_result)\n",
    "    \n",
    "    # 優位差のあるペアの確認\n",
    "    significant_pairs = []\n",
    "    for i in range(nemenyi_result.shape[0]):\n",
    "        for j in range(i + 1, nemenyi_result.shape[1]):\n",
    "            if nemenyi_result.iloc[i, j] < alpha:\n",
    "                significant_pairs.append((i, j))\n",
    "\n",
    "    if significant_pairs:\n",
    "        print('有意差のあるペア:')\n",
    "        for pair in significant_pairs:\n",
    "            print(f'手法 {pair[0]} と 手法 {pair[1]} の間に有意差があります。')\n",
    "    else:\n",
    "        print('有意差のあるペアはありません。')\n",
    "else:\n",
    "    print('有意差は認められません。データ前処理手法により顕著な違いはありません。')\n"
   ]
  },
  {
   "cell_type": "code",
   "execution_count": 8,
   "id": "3a7bdf97-7d0c-4ade-b4e4-311b575428fa",
   "metadata": {},
   "outputs": [
    {
     "name": "stdout",
     "output_type": "stream",
     "text": [
      "Friedman Test Statistic: 9.478260869565212\n",
      "P-value: 0.00874624831303712\n",
      "有意差があります。データ前処理手法の影響が認められます。\n",
      "ネメニー検定の結果:\n",
      "          0         1         2         3         4         5\n",
      "0  1.000000  0.715852  0.994255  0.999504  0.363243  0.999504\n",
      "1  0.715852  1.000000  0.953013  0.501309  0.994255  0.501309\n",
      "2  0.994255  0.953013  1.000000  0.953013  0.715852  0.953013\n",
      "3  0.999504  0.501309  0.953013  1.000000  0.197471  1.000000\n",
      "4  0.363243  0.994255  0.715852  0.197471  1.000000  0.197471\n",
      "5  0.999504  0.501309  0.953013  1.000000  0.197471  1.000000\n",
      "有意差のあるペアはありません。\n"
     ]
    }
   ],
   "source": [
    "import pandas as pd\n",
    "import scipy.stats as stats\n",
    "from scikit_posthocs import posthoc_nemenyi_friedman\n",
    "import numpy as np\n",
    "\n",
    "# CSVファイルを読み込む\n",
    "file_path = './cnn-methods/CNN_marco-avg_precision.csv'\n",
    "data = pd.read_csv(file_path, index_col=0)\n",
    "\n",
    "# フリードマン検定の実施\n",
    "data_values = data.values\n",
    "stat, p_value = stats.friedmanchisquare(*data_values)\n",
    "\n",
    "# 結果の出力\n",
    "print('Friedman Test Statistic:', stat)\n",
    "print('P-value:', p_value)\n",
    "\n",
    "# p値に基づく結果の解釈\n",
    "alpha = 0.05\n",
    "if p_value < alpha:\n",
    "    print('有意差があります。データ前処理手法の影響が認められます。')\n",
    "    # ネメニー検定の実施\n",
    "    nemenyi_result = posthoc_nemenyi_friedman(data_values)\n",
    "    print('ネメニー検定の結果:')\n",
    "    print(nemenyi_result)\n",
    "    \n",
    "    # 優位差のあるペアの確認\n",
    "    significant_pairs = []\n",
    "    for i in range(nemenyi_result.shape[0]):\n",
    "        for j in range(i + 1, nemenyi_result.shape[1]):\n",
    "            if nemenyi_result.iloc[i, j] < alpha:\n",
    "                significant_pairs.append((i, j))\n",
    "\n",
    "    if significant_pairs:\n",
    "        print('有意差のあるペア:')\n",
    "        for pair in significant_pairs:\n",
    "            print(f'手法 {pair[0]} と 手法 {pair[1]} の間に有意差があります。')\n",
    "    else:\n",
    "        print('有意差のあるペアはありません。')\n",
    "else:\n",
    "    print('有意差は認められません。データ前処理手法により顕著な違いはありません。')\n"
   ]
  },
  {
   "cell_type": "code",
   "execution_count": 9,
   "id": "7f2eccae-f18b-4fb1-a641-5e84fce95401",
   "metadata": {},
   "outputs": [
    {
     "name": "stdout",
     "output_type": "stream",
     "text": [
      "Friedman Test Statistic: 9.478260869565212\n",
      "P-value: 0.00874624831303712\n",
      "有意差があります。データ前処理手法の影響が認められます。\n",
      "ネメニー検定の結果:\n",
      "          0         1         2         3         4         5\n",
      "0  1.000000  0.780051  0.986683  0.999933  0.923821  0.973509\n",
      "1  0.780051  1.000000  0.363243  0.646412  0.999504  0.301443\n",
      "2  0.986683  0.363243  1.000000  0.998004  0.574086  0.999998\n",
      "3  0.999933  0.646412  0.998004  1.000000  0.836977  0.994255\n",
      "4  0.923821  0.999504  0.574086  0.836977  1.000000  0.501309\n",
      "5  0.973509  0.301443  0.999998  0.994255  0.501309  1.000000\n",
      "有意差のあるペアはありません。\n"
     ]
    }
   ],
   "source": [
    "import pandas as pd\n",
    "import scipy.stats as stats\n",
    "from scikit_posthocs import posthoc_nemenyi_friedman\n",
    "import numpy as np\n",
    "\n",
    "# CSVファイルを読み込む\n",
    "file_path = './cnn-methods/CNN_marco-avg_recall.csv'\n",
    "data = pd.read_csv(file_path, index_col=0)\n",
    "\n",
    "# フリードマン検定の実施\n",
    "data_values = data.values\n",
    "stat, p_value = stats.friedmanchisquare(*data_values)\n",
    "\n",
    "# 結果の出力\n",
    "print('Friedman Test Statistic:', stat)\n",
    "print('P-value:', p_value)\n",
    "\n",
    "# p値に基づく結果の解釈\n",
    "alpha = 0.05\n",
    "if p_value < alpha:\n",
    "    print('有意差があります。データ前処理手法の影響が認められます。')\n",
    "    # ネメニー検定の実施\n",
    "    nemenyi_result = posthoc_nemenyi_friedman(data_values)\n",
    "    print('ネメニー検定の結果:')\n",
    "    print(nemenyi_result)\n",
    "    \n",
    "    # 優位差のあるペアの確認\n",
    "    significant_pairs = []\n",
    "    for i in range(nemenyi_result.shape[0]):\n",
    "        for j in range(i + 1, nemenyi_result.shape[1]):\n",
    "            if nemenyi_result.iloc[i, j] < alpha:\n",
    "                significant_pairs.append((i, j))\n",
    "\n",
    "    if significant_pairs:\n",
    "        print('有意差のあるペア:')\n",
    "        for pair in significant_pairs:\n",
    "            print(f'手法 {pair[0]} と 手法 {pair[1]} の間に有意差があります。')\n",
    "    else:\n",
    "        print('有意差のあるペアはありません。')\n",
    "else:\n",
    "    print('有意差は認められません。データ前処理手法により顕著な違いはありません。')\n"
   ]
  },
  {
   "cell_type": "code",
   "execution_count": 10,
   "id": "d3ded368-04ab-4af0-95ec-9a8761a7adf3",
   "metadata": {},
   "outputs": [
    {
     "name": "stdout",
     "output_type": "stream",
     "text": [
      "Friedman Test Statistic: 12.0\n",
      "P-value: 0.002478752176666357\n",
      "有意差があります。データ前処理手法の影響が認められます。\n",
      "ネメニー検定の結果:\n",
      "          0         1         2         3         4         5\n",
      "0  1.000000  0.780051  0.999998  0.998004  0.780051  0.999998\n",
      "1  0.780051  1.000000  0.715852  0.501309  1.000000  0.715852\n",
      "2  0.999998  0.715852  1.000000  0.999504  0.715852  1.000000\n",
      "3  0.998004  0.501309  0.999504  1.000000  0.501309  0.999504\n",
      "4  0.780051  1.000000  0.715852  0.501309  1.000000  0.715852\n",
      "5  0.999998  0.715852  1.000000  0.999504  0.715852  1.000000\n",
      "有意差のあるペアはありません。\n"
     ]
    }
   ],
   "source": [
    "import pandas as pd\n",
    "import scipy.stats as stats\n",
    "from scikit_posthocs import posthoc_nemenyi_friedman\n",
    "import numpy as np\n",
    "\n",
    "# CSVファイルを読み込む\n",
    "file_path = './cnn-methods/CNN_weighted-avg_f1score.csv'\n",
    "data = pd.read_csv(file_path, index_col=0)\n",
    "\n",
    "# フリードマン検定の実施\n",
    "data_values = data.values\n",
    "stat, p_value = stats.friedmanchisquare(*data_values)\n",
    "\n",
    "# 結果の出力\n",
    "print('Friedman Test Statistic:', stat)\n",
    "print('P-value:', p_value)\n",
    "\n",
    "# p値に基づく結果の解釈\n",
    "alpha = 0.05\n",
    "if p_value < alpha:\n",
    "    print('有意差があります。データ前処理手法の影響が認められます。')\n",
    "    # ネメニー検定の実施\n",
    "    nemenyi_result = posthoc_nemenyi_friedman(data_values)\n",
    "    print('ネメニー検定の結果:')\n",
    "    print(nemenyi_result)\n",
    "    \n",
    "    # 優位差のあるペアの確認\n",
    "    significant_pairs = []\n",
    "    for i in range(nemenyi_result.shape[0]):\n",
    "        for j in range(i + 1, nemenyi_result.shape[1]):\n",
    "            if nemenyi_result.iloc[i, j] < alpha:\n",
    "                significant_pairs.append((i, j))\n",
    "\n",
    "    if significant_pairs:\n",
    "        print('有意差のあるペア:')\n",
    "        for pair in significant_pairs:\n",
    "            print(f'手法 {pair[0]} と 手法 {pair[1]} の間に有意差があります。')\n",
    "    else:\n",
    "        print('有意差のあるペアはありません。')\n",
    "else:\n",
    "    print('有意差は認められません。データ前処理手法により顕著な違いはありません。')\n"
   ]
  },
  {
   "cell_type": "code",
   "execution_count": 11,
   "id": "ce2c8fa3-a89b-4e18-96a1-8038f37511fe",
   "metadata": {},
   "outputs": [
    {
     "name": "stdout",
     "output_type": "stream",
     "text": [
      "Friedman Test Statistic: 10.380952380952376\n",
      "P-value: 0.005569354109988015\n",
      "有意差があります。データ前処理手法の影響が認められます。\n",
      "ネメニー検定の結果:\n",
      "          0         1         2         3         4         5\n",
      "0  1.000000  0.780051  0.999998  0.999998  0.953013  0.986683\n",
      "1  0.780051  1.000000  0.715852  0.715852  0.998004  0.363243\n",
      "2  0.999998  0.715852  1.000000  1.000000  0.923821  0.994255\n",
      "3  0.999998  0.715852  1.000000  1.000000  0.923821  0.994255\n",
      "4  0.953013  0.998004  0.923821  0.923821  1.000000  0.646412\n",
      "5  0.986683  0.363243  0.994255  0.994255  0.646412  1.000000\n",
      "有意差のあるペアはありません。\n"
     ]
    }
   ],
   "source": [
    "import pandas as pd\n",
    "import scipy.stats as stats\n",
    "from scikit_posthocs import posthoc_nemenyi_friedman\n",
    "import numpy as np\n",
    "\n",
    "# CSVファイルを読み込む\n",
    "file_path = './cnn-methods/CNN_weighted-avg_precision.csv'\n",
    "data = pd.read_csv(file_path, index_col=0)\n",
    "\n",
    "# フリードマン検定の実施\n",
    "data_values = data.values\n",
    "stat, p_value = stats.friedmanchisquare(*data_values)\n",
    "\n",
    "# 結果の出力\n",
    "print('Friedman Test Statistic:', stat)\n",
    "print('P-value:', p_value)\n",
    "\n",
    "# p値に基づく結果の解釈\n",
    "alpha = 0.05\n",
    "if p_value < alpha:\n",
    "    print('有意差があります。データ前処理手法の影響が認められます。')\n",
    "    # ネメニー検定の実施\n",
    "    nemenyi_result = posthoc_nemenyi_friedman(data_values)\n",
    "    print('ネメニー検定の結果:')\n",
    "    print(nemenyi_result)\n",
    "    \n",
    "    # 優位差のあるペアの確認\n",
    "    significant_pairs = []\n",
    "    for i in range(nemenyi_result.shape[0]):\n",
    "        for j in range(i + 1, nemenyi_result.shape[1]):\n",
    "            if nemenyi_result.iloc[i, j] < alpha:\n",
    "                significant_pairs.append((i, j))\n",
    "\n",
    "    if significant_pairs:\n",
    "        print('有意差のあるペア:')\n",
    "        for pair in significant_pairs:\n",
    "            print(f'手法 {pair[0]} と 手法 {pair[1]} の間に有意差があります。')\n",
    "    else:\n",
    "        print('有意差のあるペアはありません。')\n",
    "else:\n",
    "    print('有意差は認められません。データ前処理手法により顕著な違いはありません。')\n"
   ]
  },
  {
   "cell_type": "code",
   "execution_count": 12,
   "id": "9ede719e-8ff7-49b8-8e8e-fa8a9a41a854",
   "metadata": {},
   "outputs": [
    {
     "name": "stdout",
     "output_type": "stream",
     "text": [
      "Friedman Test Statistic: 10.380952380952376\n",
      "P-value: 0.005569354109988015\n",
      "有意差があります。データ前処理手法の影響が認められます。\n",
      "ネメニー検定の結果:\n",
      "          0         1         2         3         4         5\n",
      "0  1.000000  0.715852  1.000000  0.999998  0.923821  0.994255\n",
      "1  0.715852  1.000000  0.715852  0.780051  0.998004  0.363243\n",
      "2  1.000000  0.715852  1.000000  0.999998  0.923821  0.994255\n",
      "3  0.999998  0.780051  0.999998  1.000000  0.953013  0.986683\n",
      "4  0.923821  0.998004  0.923821  0.953013  1.000000  0.646412\n",
      "5  0.994255  0.363243  0.994255  0.986683  0.646412  1.000000\n",
      "有意差のあるペアはありません。\n"
     ]
    }
   ],
   "source": [
    "import pandas as pd\n",
    "import scipy.stats as stats\n",
    "from scikit_posthocs import posthoc_nemenyi_friedman\n",
    "import numpy as np\n",
    "\n",
    "# CSVファイルを読み込む\n",
    "file_path = './cnn-methods/CNN_weighted-avg_recall.csv'\n",
    "data = pd.read_csv(file_path, index_col=0)\n",
    "\n",
    "# フリードマン検定の実施\n",
    "data_values = data.values\n",
    "stat, p_value = stats.friedmanchisquare(*data_values)\n",
    "\n",
    "# 結果の出力\n",
    "print('Friedman Test Statistic:', stat)\n",
    "print('P-value:', p_value)\n",
    "\n",
    "# p値に基づく結果の解釈\n",
    "alpha = 0.05\n",
    "if p_value < alpha:\n",
    "    print('有意差があります。データ前処理手法の影響が認められます。')\n",
    "    # ネメニー検定の実施\n",
    "    nemenyi_result = posthoc_nemenyi_friedman(data_values)\n",
    "    print('ネメニー検定の結果:')\n",
    "    print(nemenyi_result)\n",
    "    \n",
    "    # 優位差のあるペアの確認\n",
    "    significant_pairs = []\n",
    "    for i in range(nemenyi_result.shape[0]):\n",
    "        for j in range(i + 1, nemenyi_result.shape[1]):\n",
    "            if nemenyi_result.iloc[i, j] < alpha:\n",
    "                significant_pairs.append((i, j))\n",
    "\n",
    "    if significant_pairs:\n",
    "        print('有意差のあるペア:')\n",
    "        for pair in significant_pairs:\n",
    "            print(f'手法 {pair[0]} と 手法 {pair[1]} の間に有意差があります。')\n",
    "    else:\n",
    "        print('有意差のあるペアはありません。')\n",
    "else:\n",
    "    print('有意差は認められません。データ前処理手法により顕著な違いはありません。')\n"
   ]
  },
  {
   "cell_type": "code",
   "execution_count": 13,
   "id": "bf423796-61a7-409c-97c1-508cfe1e7b2a",
   "metadata": {},
   "outputs": [
    {
     "name": "stdout",
     "output_type": "stream",
     "text": [
      "Friedman Test Statistic: 10.380952380952376\n",
      "P-value: 0.005569354109988015\n",
      "有意差があります。データ前処理手法の影響が認められます。\n",
      "ネメニー検定の結果:\n",
      "          0         1         2         3         4         5\n",
      "0  1.000000  0.715852  1.000000  0.999998  0.923821  0.994255\n",
      "1  0.715852  1.000000  0.715852  0.780051  0.998004  0.363243\n",
      "2  1.000000  0.715852  1.000000  0.999998  0.923821  0.994255\n",
      "3  0.999998  0.780051  0.999998  1.000000  0.953013  0.986683\n",
      "4  0.923821  0.998004  0.923821  0.953013  1.000000  0.646412\n",
      "5  0.994255  0.363243  0.994255  0.986683  0.646412  1.000000\n",
      "有意差のあるペアはありません。\n"
     ]
    }
   ],
   "source": [
    "import pandas as pd\n",
    "import scipy.stats as stats\n",
    "from scikit_posthocs import posthoc_nemenyi_friedman\n",
    "import numpy as np\n",
    "\n",
    "# CSVファイルを読み込む\n",
    "file_path = './cnn-methods/CNN_whole-accuracy.csv'\n",
    "data = pd.read_csv(file_path, index_col=0)\n",
    "\n",
    "# フリードマン検定の実施\n",
    "data_values = data.values\n",
    "stat, p_value = stats.friedmanchisquare(*data_values)\n",
    "\n",
    "# 結果の出力\n",
    "print('Friedman Test Statistic:', stat)\n",
    "print('P-value:', p_value)\n",
    "\n",
    "# p値に基づく結果の解釈\n",
    "alpha = 0.05\n",
    "if p_value < alpha:\n",
    "    print('有意差があります。データ前処理手法の影響が認められます。')\n",
    "    # ネメニー検定の実施\n",
    "    nemenyi_result = posthoc_nemenyi_friedman(data_values)\n",
    "    print('ネメニー検定の結果:')\n",
    "    print(nemenyi_result)\n",
    "    \n",
    "    # 優位差のあるペアの確認\n",
    "    significant_pairs = []\n",
    "    for i in range(nemenyi_result.shape[0]):\n",
    "        for j in range(i + 1, nemenyi_result.shape[1]):\n",
    "            if nemenyi_result.iloc[i, j] < alpha:\n",
    "                significant_pairs.append((i, j))\n",
    "\n",
    "    if significant_pairs:\n",
    "        print('有意差のあるペア:')\n",
    "        for pair in significant_pairs:\n",
    "            print(f'手法 {pair[0]} と 手法 {pair[1]} の間に有意差があります。')\n",
    "    else:\n",
    "        print('有意差のあるペアはありません。')\n",
    "else:\n",
    "    print('有意差は認められません。データ前処理手法により顕著な違いはありません。')\n"
   ]
  },
  {
   "cell_type": "code",
   "execution_count": null,
   "id": "1e29e8d4-2a1f-4b3a-9317-34206e6731ef",
   "metadata": {},
   "outputs": [],
   "source": []
  }
 ],
 "metadata": {
  "kernelspec": {
   "display_name": "tf",
   "language": "python",
   "name": "tf"
  },
  "language_info": {
   "codemirror_mode": {
    "name": "ipython",
    "version": 3
   },
   "file_extension": ".py",
   "mimetype": "text/x-python",
   "name": "python",
   "nbconvert_exporter": "python",
   "pygments_lexer": "ipython3",
   "version": "3.9.18"
  }
 },
 "nbformat": 4,
 "nbformat_minor": 5
}
